      OUTPUT FOR XINYI WANG LAB8	SPRING 2011

The hash table is shown as follow (size 45):
     indexStatusList      HashTable(0 means empty spot)
 [ 0]       0         [ 0]     0
 [ 1]       0         [ 1]     0
 [ 2]       0         [ 2]     0
 [ 3]       1         [ 3]   111
 [ 4]       1         [ 4]   211
 [ 5]       0         [ 5]     0
 [ 6]       0         [ 6]     0
 [ 7]       0         [ 7]     0
 [ 8]       0         [ 8]     0
 [ 9]       0         [ 9]     0
 [10]       0         [10]     0
 [11]       1         [11]   101
 [12]       1         [12]   201
 [13]       1         [13]   301
 [14]       1         [14]   122
 [15]       1         [15]   222
 [16]       1         [16]   322
 [17]       1         [17]   233
 [18]       1         [18]   311
 [19]       1         [19]   411
 [20]       1         [20]   344
 [21]       1         [21]   255
 [22]       1         [22]   333
 [23]       1         [23]   266
 [24]       1         [24]   366
 [25]       1         [25]   277
 [26]       1         [26]   377
 [27]       1         [27]   288
 [28]       1         [28]   388
 [29]       1         [29]   299
 [30]       1         [30]   401
 [31]       1         [31]   166
 [32]       1         [32]   133
 [33]       1         [33]   177
 [34]       1         [34]   144
 [35]       1         [35]   244
 [36]       1         [36]   155
 [37]       1         [37]   199
 [38]       1         [38]   355
 [39]       1         [39]   399
 [40]       0         [40]     0
 [41]       0         [41]     0
 [42]       1         [42]   188
 [43]       0         [43]     0
 [44]       0         [44]     0
The load factor is: 0.7111

Search for values in the hash table using values in lab8srch.dat:
 Value   Found?   # of probes   The probe sequence
   99      No          4         277 388 177 0 
  101     Yes          1         101 
  177     Yes          3         277 388 177 
  188     Yes          4         288 401 244 188 
  211     Yes          6         122 233 333 299 355 211 
  225      No          5         411 333 288 144 0 
  255     Yes          1         255 
  299     Yes          1         299 
  300      No         11         301 322 255 388 199 111 322 166 111 333 0 
  333     Yes          2         411 333 
  355     Yes          4         266 377 166 355 
  377     Yes          1         377 
  390      No          5         333 277 401 199 0 
  411     Yes          2         322 411 
  420      No          5         322 411 366 166 0 
