-0.14
-0.83
-0.31
-0.2
-0.13
-0.01
-0.32
-0.45
-0.4
0.41
-0.37
-0.16
-0.28
0.19
-0.25
0.29
-0.08
-0.18
0.02
0.31
-0.11
-0.55
0.21
-0.26
0.28
-0.14
0.07
-0.12
0.25
0.08
-0.16
-0.14
-0.08
-0.19
0.08
-0.14
0.04
0.19
-0.12
0.01
0.07
0.03
0.29
0.28
-0.04
0.08
0.02
0.16
0.07
0.05
0.16
0.18
0.16
0.15
-0.29
-0.11
0.09
0.27
-0.56
-0.11
0.27
0.2
0
-0.66
0.37
0.42
-0.06
-0.18
0.04
0
-0.31
0.45
0.28
-0.32
-0.07
-0.02
0.02
-0.32
-0.04
0.23
-0.08
0.22
-0.38
-0.13
-0.63
-0.04
0.57
-0.03
0.18
-0.08
-0.34
0.37
-0.18
-0.02
-0.61
-0.11
-0.42
-0.11
-0.19
0.5
-0.33
0.03
0.45
0.02
-0.63
0.15
0.65
-0.07
0.54
-0.15
-0.12
0.37
-0.02
0.05
-0.14
0.01
-0.08
0.08
-0.39
-0.26
0.16
-0.49
-0.27
0.15
-0.05
0.12
-0.08
0.24
0.26
0.01
0.11
0.01
0.04
-0.31
0.19
-0.09
0.13
0.59
0.03
0.42
0.19
0.05
-0.18
-0.08
0.65
0.1
-0.05
0.1
-0.2
0.32
0.15
-0.46
0.11
0.06
-0.07
0.32
0.31
-0.31
-0.52
0.04
0.23
0.17
-0.19
0.24
-0.31
0.4
0.32
0.05
0.04
-0.17
0.12
0.42
0.02
0.1
0
0.08
0.1
0.06
0.37
0.07
-0.02
-0.08
0.07
0.29
0.05
-0.21
-0.11
0.21
0.05
0.5
-0.74
-0.37
-0.03
0.1
0.07
0.08
0.03
-0.17
0.29
-0.41
0.4
-0.27
-0.05
0.07
-0.05
0.04
0.15
0.02
0.2
0.22
0.12
0.38
-0.17
-0.09
0
-0.13
-0.22
-0.37
0.17
-0.39
-0.28
0.48
-0.12
-0.03
-0.26
0.11
-0.21
-0.23
0.09
0.49
0.27
-0.06
-0.19
0.24
0.09
0.19
0.07
-0.11
0.56
-0.21
0.1
-0.02
-0.08
-0.06
0.06
0.07
0.05
-0.02
0.08
0.02
0.05

